0,532
33,142
33,141
33,140
33,139
33,138
33,137
33,136
33,135
33,134
33,133
33,132
33,131
33,130
33,129
33,128
33,127
33,126
33,125
33,124
33,123
33,122
33,121
33,120
33,119
33,118
33,117
33,116
33,115
33,114
29,3
39,35
29,1
29,4
35,5
35,3
28,4
28,5
27,5
28,1
28,3
27,1
27,3
25,4
25,1
25,3
24,4
24,1
24,3
33,4
33,5
33,3
14,4
3,2
3,1
3,3
10,83
10,221
10,199
10,81
10,123
10,9
10,79
10,1
10,29
10,2
10,3
11,27
11,16
11,21
11,5
11,25
11,26
11,1
11,28
11,2
11,3
9,5
9,1
9,7
9,2
9,3
8,5
8,15
8,14
8,10
8,1
8,8
8,2
8,3
0,318
12,2
12,1
12,3
20,2
20,1
20,3
19,2
19,1
19,3
18,1
18,3
14,1
14,5
14,3
13,1
13,3
2,2
2,1
2,3
38,3
38,2
38,1
38,0
37,3
37,2
37,1
37,0
36,3
36,2
36,1
36,0
35,9
35,1
35,8
33,113
33,112
33,111
33,110
33,109
33,108
33,107
33,106
33,105
33,104
33,103
33,102
33,101
33,100
